7.836990595611284527e-03 1.773584905660377242e-01
7.836990595611284527e-03 1.773584905660377242e-01
7.836990595611284527e-03 1.773584905660377242e-01
7.836990595611284527e-03 1.773584905660377242e-01
7.836990595611284527e-03 1.773584905660377242e-01
7.836990595611284527e-03 1.773584905660377242e-01
7.836990595611284527e-03 1.773584905660377242e-01
7.836990595611284527e-03 1.773584905660377242e-01
7.836990595611284527e-03 1.773584905660377242e-01
7.836990595611284527e-03 1.773584905660377242e-01
7.836990595611284527e-03 1.773584905660377242e-01
7.836990595611284527e-03 1.773584905660377242e-01
7.836990595611284527e-03 1.773584905660377242e-01
7.836990595611284527e-03 1.773584905660377242e-01
7.836990595611284527e-03 1.773584905660377242e-01
7.836990595611284527e-03 1.773584905660377242e-01
7.836990595611284527e-03 1.773584905660377242e-01
7.836990595611284527e-03 1.773584905660377242e-01
7.836990595611284527e-03 1.773584905660377242e-01
7.836990595611284527e-03 1.773584905660377242e-01
7.836990595611284527e-03 1.773584905660377242e-01
7.836990595611284527e-03 1.773584905660377242e-01
7.836990595611284527e-03 1.773584905660377242e-01
7.836990595611284527e-03 1.773584905660377242e-01
7.836990595611284527e-03 1.773584905660377242e-01
7.836990595611284527e-03 1.773584905660377242e-01
7.836990595611284527e-03 1.773584905660377242e-01
7.836990595611284527e-03 1.773584905660377242e-01
7.836990595611284527e-03 1.773584905660377242e-01
7.836990595611284527e-03 1.773584905660377242e-01
7.836990595611284527e-03 1.773584905660377242e-01
7.836990595611284527e-03 1.773584905660377242e-01
7.836990595611284527e-03 1.773584905660377242e-01
7.836990595611284527e-03 1.773584905660377242e-01
7.836990595611284527e-03 1.773584905660377242e-01
7.836990595611284527e-03 1.773584905660377242e-01
7.836990595611284527e-03 1.773584905660377242e-01
7.836990595611284527e-03 1.773584905660377242e-01
7.836990595611284527e-03 1.773584905660377242e-01
7.902298850574713401e-03 1.773584905660377242e-01
7.902298850574713401e-03 1.773584905660377242e-01
7.902298850574713401e-03 1.773584905660377242e-01
8.032915360501567681e-03 1.773584905660377242e-01
8.032915360501567681e-03 1.773584905660377242e-01
8.032915360501567681e-03 1.773584905660377242e-01
8.032915360501567681e-03 1.773584905660377242e-01
8.065569487983280383e-03 1.773584905660377242e-01
8.065569487983280383e-03 1.773584905660377242e-01
8.065569487983280383e-03 1.773584905660377242e-01
8.065569487983280383e-03 1.773584905660377242e-01
8.522727272727272096e-03 1.773584905660377242e-01
8.522727272727272096e-03 1.773584905660377242e-01
8.522727272727272096e-03 1.773584905660377242e-01
8.588035527690700971e-03 1.773584905660377242e-01
8.588035527690700971e-03 1.773584905660377242e-01
8.588035527690700971e-03 1.773584905660377242e-01
9.241118077324974103e-03 1.773584905660377242e-01
9.241118077324974103e-03 1.773584905660377242e-01
9.241118077324974103e-03 1.773584905660377242e-01
9.306426332288401243e-03 1.773584905660377242e-01
9.306426332288401243e-03 1.773584905660377242e-01
9.306426332288401243e-03 1.773584905660377242e-01
9.306426332288401243e-03 1.773584905660377242e-01
9.567659352142111537e-03 1.773584905660377242e-01
9.567659352142111537e-03 1.773584905660377242e-01
9.567659352142111537e-03 1.773584905660377242e-01
9.567659352142111537e-03 1.773584905660377242e-01
9.763584117032392956e-03 1.773584905660377242e-01
9.763584117032392956e-03 1.773584905660377242e-01
9.763584117032392956e-03 1.773584905660377242e-01
9.763584117032392956e-03 1.773584905660377242e-01
9.763584117032392956e-03 1.773584905660377242e-01
1.028605015673981181e-02 1.773584905660377242e-01
1.028605015673981181e-02 1.773584905660377242e-01
1.028605015673981181e-02 1.773584905660377242e-01
1.035135841170323895e-02 1.773584905660377242e-01
1.035135841170323895e-02 1.773584905660377242e-01
1.041666666666666609e-02 1.773584905660377242e-01
1.041666666666666609e-02 1.773584905660377242e-01
1.048197492163009323e-02 1.773584905660377242e-01
1.048197492163009323e-02 1.773584905660377242e-01
1.048197492163009323e-02 1.773584905660377242e-01
1.048197492163009323e-02 1.773584905660377242e-01
1.048197492163009323e-02 1.773584905660377242e-01
1.087382445141065780e-02 1.773584905660377242e-01
1.087382445141065780e-02 1.773584905660377242e-01
1.087382445141065780e-02 1.773584905660377242e-01
1.087382445141065780e-02 1.773584905660377242e-01
1.087382445141065780e-02 1.773584905660377242e-01
1.087382445141065780e-02 1.773584905660377242e-01
1.087382445141065780e-02 1.773584905660377242e-01
1.113505747126436810e-02 1.773584905660377242e-01
1.113505747126436810e-02 1.773584905660377242e-01
1.113505747126436810e-02 1.773584905660377242e-01
1.120036572622779524e-02 1.773584905660377242e-01
1.120036572622779524e-02 1.773584905660377242e-01
1.120036572622779524e-02 1.773584905660377242e-01
1.120036572622779524e-02 1.773584905660377242e-01
1.120036572622779524e-02 1.773584905660377242e-01
1.120036572622779524e-02 1.773584905660377242e-01
1.201671891327063708e-02 1.773584905660377242e-01
1.201671891327063708e-02 1.773584905660377242e-01
1.201671891327063708e-02 1.773584905660377242e-01
1.201671891327063708e-02 1.773584905660377242e-01
1.201671891327063708e-02 1.773584905660377242e-01
1.201671891327063708e-02 1.773584905660377242e-01
1.201671891327063708e-02 1.773584905660377242e-01
1.201671891327063708e-02 1.773584905660377242e-01
1.221264367816092024e-02 1.773584905660377242e-01
1.227795193312434738e-02 1.773584905660377242e-01
1.227795193312434738e-02 1.773584905660377242e-01
1.227795193312434738e-02 1.773584905660377242e-01
1.257183908045977037e-02 1.773584905660377242e-01
1.257183908045977037e-02 1.773584905660377242e-01
1.276776384535005179e-02 1.773584905660377242e-01
1.276776384535005179e-02 1.773584905660377242e-01
1.322492163009404351e-02 1.773584905660377242e-01
1.329022988505747065e-02 1.773584905660377242e-01
1.329022988505747065e-02 1.773584905660377242e-01
1.329022988505747065e-02 1.773584905660377242e-01
1.329022988505747065e-02 1.773584905660377242e-01
1.329022988505747065e-02 1.773584905660377242e-01
1.329022988505747065e-02 1.773584905660377242e-01
1.329022988505747065e-02 1.773584905660377242e-01
1.329022988505747065e-02 1.773584905660377242e-01
1.492293625914315608e-02 1.792452830188679125e-01
1.492293625914315608e-02 1.792452830188679125e-01
1.492293625914315608e-02 1.792452830188679125e-01
1.498824451410658322e-02 1.792452830188679125e-01
1.511886102403343750e-02 1.792452830188679125e-01
1.511886102403343750e-02 1.792452830188679125e-01
1.511886102403343750e-02 1.792452830188679125e-01
1.518416927899686464e-02 1.792452830188679125e-01
1.518416927899686464e-02 1.792452830188679125e-01
1.557601880877742921e-02 1.792452830188679125e-01
1.564132706374085635e-02 1.792452830188679125e-01
1.564132706374085635e-02 1.792452830188679125e-01
1.609848484848484806e-02 1.811320754716981007e-01
1.609848484848484806e-02 1.811320754716981007e-01
1.629440961337513122e-02 1.811320754716981007e-01
1.629440961337513122e-02 1.811320754716981007e-01
1.635971786833855662e-02 1.811320754716981007e-01
1.649033437826541437e-02 1.811320754716981007e-01
1.720872518286311464e-02 1.811320754716981007e-01
1.720872518286311464e-02 1.811320754716981007e-01
1.727403343782654005e-02 1.811320754716981007e-01
1.753526645768025208e-02 1.811320754716981007e-01
1.753526645768025208e-02 1.811320754716981007e-01
1.786180773249738604e-02 1.811320754716981007e-01
1.786180773249738604e-02 1.811320754716981007e-01
1.844958202716823550e-02 1.830188679245282890e-01
1.844958202716823550e-02 1.830188679245282890e-01
1.851489028213166091e-02 1.830188679245282890e-01
1.858019853709508978e-02 1.830188679245282890e-01
1.884143155694879834e-02 1.830188679245282890e-01
1.884143155694879834e-02 1.830188679245282890e-01
1.884143155694879834e-02 1.830188679245282890e-01
1.897204806687565262e-02 1.830188679245282890e-01
1.910266457680250690e-02 1.830188679245282890e-01
1.910266457680250690e-02 1.830188679245282890e-01
1.916797283176593578e-02 1.830188679245282890e-01
1.916797283176593578e-02 1.830188679245282890e-01
1.923328108672936118e-02 1.830188679245282890e-01
1.923328108672936118e-02 1.830188679245282890e-01
1.923328108672936118e-02 1.830188679245282890e-01
1.929858934169279006e-02 1.830188679245282890e-01
1.929858934169279006e-02 1.830188679245282890e-01
2.200888192267502763e-02 1.830188679245282890e-01
2.200888192267502763e-02 1.830188679245282890e-01
2.200888192267502763e-02 1.830188679245282890e-01
2.200888192267502763e-02 1.830188679245282890e-01
2.200888192267502763e-02 1.830188679245282890e-01
2.213949843260188191e-02 1.830188679245282890e-01
2.213949843260188191e-02 1.830188679245282890e-01
2.233542319749216160e-02 1.830188679245282890e-01
2.240073145245559047e-02 1.830188679245282890e-01
2.246603970741901934e-02 1.830188679245282890e-01
2.266196447230929903e-02 1.830188679245282890e-01
2.266196447230929903e-02 1.830188679245282890e-01
2.311912225705329074e-02 1.830188679245282890e-01
2.344566353187042818e-02 1.830188679245282890e-01
2.344566353187042818e-02 1.830188679245282890e-01
2.370689655172413673e-02 1.830188679245282890e-01
2.370689655172413673e-02 1.849056603773584773e-01
2.383751306165099101e-02 1.849056603773584773e-01
2.396812957157784876e-02 1.849056603773584773e-01
2.409874608150470304e-02 1.867924528301886655e-01
2.409874608150470304e-02 1.867924528301886655e-01
2.475182863113897444e-02 1.867924528301886655e-01
2.488244514106583219e-02 1.886792452830188815e-01
2.488244514106583219e-02 1.905660377358490698e-01
2.488244514106583219e-02 1.924528301886792581e-01
2.501306165099268647e-02 1.924528301886792581e-01
2.540491118077324931e-02 1.943396226415094463e-01
2.560083594566353246e-02 1.943396226415094463e-01
2.573145245559038674e-02 1.943396226415094463e-01
2.592737722048066989e-02 1.943396226415094463e-01
2.599268547544409530e-02 1.962264150943396346e-01
2.612330198537094958e-02 1.981132075471698228e-01
2.618861024033437845e-02 2.000000000000000111e-01
2.736415882967607044e-02 2.000000000000000111e-01
2.736415882967607044e-02 2.000000000000000111e-01
2.749477533960292472e-02 2.000000000000000111e-01
2.762539184952977900e-02 2.000000000000000111e-01
2.775600835945663675e-02 2.000000000000000111e-01
2.788662486938349103e-02 2.018867924528301994e-01
2.814785788923719959e-02 2.037735849056603876e-01
2.827847439916405387e-02 2.056603773584905759e-01
2.853970741901776242e-02 2.056603773584905759e-01
2.880094043887147445e-02 2.075471698113207641e-01
2.906217345872518301e-02 2.075471698113207641e-01
2.912748171368861189e-02 2.075471698113207641e-01
2.964994775339602900e-02 2.075471698113207641e-01
2.978056426332288328e-02 2.075471698113207641e-01
2.978056426332288328e-02 2.094339622641509524e-01
3.049895506792058356e-02 2.094339622641509524e-01
3.069487983281086671e-02 2.094339622641509524e-01
3.082549634273772099e-02 2.113207547169811407e-01
3.095611285266457527e-02 2.113207547169811407e-01
3.134796238244513811e-02 2.113207547169811407e-01
3.167450365726227901e-02 2.132075471698113289e-01
3.193573667711598757e-02 2.150943396226415172e-01
3.193573667711598757e-02 2.150943396226415172e-01
3.219696969696969613e-02 2.188679245283018937e-01
3.226227795193312153e-02 2.188679245283018937e-01
3.245820271682340469e-02 2.188679245283018937e-01
3.258881922675026244e-02 2.188679245283018937e-01
3.285005224660397100e-02 2.207547169811320820e-01
3.330721003134796271e-02 2.207547169811320820e-01
3.356844305120167127e-02 2.207547169811320820e-01
3.389498432601881217e-02 2.226415094339622702e-01
3.454806687565308010e-02 2.226415094339622702e-01
3.467868338557993785e-02 2.226415094339622702e-01
3.487460815047022100e-02 2.226415094339622702e-01
3.513584117032392956e-02 2.245283018867924585e-01
3.565830721003134668e-02 2.264150943396226467e-01
3.605015673981191299e-02 2.283018867924528350e-01
3.644200626959247930e-02 2.283018867924528350e-01
3.657262277951933011e-02 2.283018867924528350e-01
3.689916405433647101e-02 2.301886792452830233e-01
3.729101358411703038e-02 2.301886792452830233e-01
3.761755485893417128e-02 2.301886792452830233e-01
3.800940438871473065e-02 2.301886792452830233e-01
3.800940438871473065e-02 2.301886792452830233e-01
3.820532915360501380e-02 2.301886792452830233e-01
3.853187042842215471e-02 2.301886792452830233e-01
3.866248693834900552e-02 2.301886792452830233e-01
3.872779519331243786e-02 2.301886792452830233e-01
3.905433646812957182e-02 2.320754716981132115e-01
3.911964472309299723e-02 2.358490566037735880e-01
4.391980146290491022e-02 2.396226415094339646e-01
4.391980146290491022e-02 2.396226415094339646e-01
4.398510971786833562e-02 2.396226415094339646e-01
4.405041797283176797e-02 2.396226415094339646e-01
4.444226750261232733e-02 2.415094339622641528e-01
4.450757575757575968e-02 2.415094339622641528e-01
4.476880877742946824e-02 2.433962264150943411e-01
4.568312434691745166e-02 2.433962264150943411e-01
4.587904911180773482e-02 2.452830188679245293e-01
4.633620689655172653e-02 2.452830188679245293e-01
4.659743991640543509e-02 2.471698113207547176e-01
4.711990595611285221e-02 2.490566037735849059e-01
4.744644723092998617e-02 2.490566037735849059e-01
4.757706374085684392e-02 2.490566037735849059e-01
4.809952978056426104e-02 2.528301886792452824e-01
4.875261233019853591e-02 2.547169811320754707e-01
4.927507836990595302e-02 2.566037735849056589e-01
4.979754440961337708e-02 2.566037735849056589e-01
5.005877742946708564e-02 2.566037735849056589e-01
5.045062695924765195e-02 2.603773584905660354e-01
5.169148380355276934e-02 2.603773584905660354e-01
5.182210031347962709e-02 2.603773584905660354e-01
5.201802507836990330e-02 2.641509433962264120e-01
5.286703239289446132e-02 2.641509433962264120e-01
5.325888192267502763e-02 2.641509433962264120e-01
5.352011494252873619e-02 2.660377358490566002e-01
5.404258098223615331e-02 2.660377358490566002e-01
5.463035527690700277e-02 2.660377358490566002e-01
5.541405433646812845e-02 2.660377358490566002e-01
5.560997910135841160e-02 2.679245283018867885e-01
5.613244514106582872e-02 2.698113207547169767e-01
5.652429467084639503e-02 2.735849056603773533e-01
5.730799373040752070e-02 2.735849056603773533e-01
5.763453500522466161e-02 2.754716981132075415e-01
5.796107628004179557e-02 2.754716981132075415e-01
5.809169278996865332e-02 2.773584905660377298e-01
5.900600835945663675e-02 2.773584905660377298e-01
5.920193312434691990e-02 2.792452830188679180e-01
5.939785788923719612e-02 2.792452830188679180e-01
6.034482758620689918e-02 2.811320754716981063e-01
6.086729362591431630e-02 2.830188679245282946e-01
6.099791013584116711e-02 2.830188679245282946e-01
6.165099268547544198e-02 2.849056603773584828e-01
6.191222570532915054e-02 2.867924528301886711e-01
6.230407523510971685e-02 2.867924528301886711e-01
6.302246603970741712e-02 2.867924528301886711e-01
6.347962382445140883e-02 2.886792452830188593e-01
6.400208986415882595e-02 2.886792452830188593e-01
6.445924764890281766e-02 2.905660377358490476e-01
6.491640543364680938e-02 2.924528301886792359e-01
6.635318704284220992e-02 2.962264150943396124e-01
6.641849529780564920e-02 2.981132075471698006e-01
6.674503657262277623e-02 3.018867924528301772e-01
6.733281086729363263e-02 3.018867924528301772e-01
6.785527690700104975e-02 3.075471698113207419e-01
6.844305120167189227e-02 3.075471698113207419e-01
6.890020898641588398e-02 3.075471698113207419e-01
6.942267502612330110e-02 3.075471698113207419e-01
7.040229885057470993e-02 3.075471698113207419e-01
7.105538140020899174e-02 3.094339622641509302e-01
7.151253918495298345e-02 3.094339622641509302e-01
7.216562173458725138e-02 3.150943396226414950e-01
7.242685475444096688e-02 3.188679245283018715e-01
7.321055381400208562e-02 3.207547169811320598e-01
7.373301985370950273e-02 3.226415094339622480e-01
7.425548589341693373e-02 3.245283018867924363e-01
7.497387669801462706e-02 3.245283018867924363e-01
7.582288401253918508e-02 3.283018867924528128e-01
7.641065830721002761e-02 3.320754716981131893e-01
7.765151515151515194e-02 3.320754716981131893e-01
7.876175548589341158e-02 3.339622641509433776e-01
7.961076280041796960e-02 3.339622641509433776e-01
8.013322884012538672e-02 3.339622641509433776e-01
8.085161964472309393e-02 3.339622641509433776e-01
8.202716823406477897e-02 3.358490566037735658e-01
8.254963427377220997e-02 3.358490566037735658e-01
8.313740856844305249e-02 3.358490566037735658e-01
8.405172413793103592e-02 3.396226415094339424e-01
8.509665621734587015e-02 3.415094339622641306e-01
8.659874608150469610e-02 3.433962264150943189e-01
8.738244514106582872e-02 3.471698113207546954e-01
8.849268547544410224e-02 3.490566037735848837e-01
8.894984326018809395e-02 3.490566037735848837e-01
8.927638453500522098e-02 3.490566037735848837e-01
9.201933124346917126e-02 3.528301886792452602e-01
9.241118077324973756e-02 3.528301886792452602e-01
9.306426332288401937e-02 3.528301886792452602e-01
9.391327063740856351e-02 3.528301886792452602e-01
9.482758620689654694e-02 3.566037735849056367e-01
9.541536050156740334e-02 3.584905660377358250e-01
9.652560083594566298e-02 3.584905660377358250e-01
9.757053291536049722e-02 3.584905660377358250e-01
9.835423197492162983e-02 3.603773584905660132e-01
9.972570532915360497e-02 3.603773584905660132e-01
1.003787878787878729e-01 3.603773584905660132e-01
1.018808777429467127e-01 3.622641509433962015e-01
1.027951933124346962e-01 3.660377358490565780e-01
1.042319749216300967e-01 3.679245283018867663e-01
1.050156739811912293e-01 3.679245283018867663e-01
1.061259143155694890e-01 3.698113207547169545e-01
1.076280041797283149e-01 3.716981132075471428e-01
1.082810867293625967e-01 3.716981132075471428e-01
1.091300940438871409e-01 3.735849056603773310e-01
1.104362591431556906e-01 3.735849056603773310e-01
1.112199582027168232e-01 3.735849056603773310e-01
1.119383490073145304e-01 3.773584905660377631e-01
1.127220480668756492e-01 3.773584905660377631e-01
1.132445141065830663e-01 3.773584905660377631e-01
1.146812957157784807e-01 3.773584905660377631e-01
1.155956112852664641e-01 3.792452830188679513e-01
1.170323928944618647e-01 3.792452830188679513e-01
1.176201671891327072e-01 3.792452830188679513e-01
1.187957157784743922e-01 3.792452830188679513e-01
1.201671891327063674e-01 3.830188679245283279e-01
1.210161964472309254e-01 3.830188679245283279e-01
1.220611285266457735e-01 3.867924528301887044e-01
1.234326018808777486e-01 3.867924528301887044e-01
1.245428422152560083e-01 3.867924528301887044e-01
1.257836990595611326e-01 3.886792452830188926e-01
1.270898641588296685e-01 3.905660377358490809e-01
1.286572622779519337e-01 3.924528301886792692e-01
1.296368861024033425e-01 3.924528301886792692e-01
1.314002089864158840e-01 3.943396226415094574e-01
1.331635318704284254e-01 3.962264150943396457e-01
1.341431556948798343e-01 3.981132075471698339e-01
1.356125914315569614e-01 3.981132075471698339e-01
1.364615987460814917e-01 3.981132075471698339e-01
1.375718390804597790e-01 4.018867924528302105e-01
1.388780041797283149e-01 4.018867924528302105e-01
1.408372518286311326e-01 4.018867924528302105e-01
1.423393416927899724e-01 4.037735849056603987e-01
1.437108150470219337e-01 4.056603773584905870e-01
1.450822884012539227e-01 4.056603773584905870e-01
1.466496865203761879e-01 4.075471698113207752e-01
1.480211598746081492e-01 4.075471698113207752e-01
1.494579414838035636e-01 4.075471698113207752e-01
1.510906478578892265e-01 4.094339622641509635e-01
1.525927377220480663e-01 4.113207547169811518e-01
1.540295193312434807e-01 4.113207547169811518e-01
1.552703761755485912e-01 4.113207547169811518e-01
1.564459247648902762e-01 4.132075471698113400e-01
1.578173981191222652e-01 4.132075471698113400e-01
1.588623301985370995e-01 4.132075471698113400e-01
1.605603448275862155e-01 4.132075471698113400e-01
1.617358934169279006e-01 4.150943396226415283e-01
1.635645245559038674e-01 4.150943396226415283e-01
1.650666144200627072e-01 4.169811320754717165e-01
1.672217868338558011e-01 4.169811320754717165e-01
1.689198014629049172e-01 4.169811320754717165e-01
1.702259665621734530e-01 4.169811320754717165e-01
1.723811389759665746e-01 4.169811320754717165e-01
1.733607628004179835e-01 4.188679245283019048e-01
1.743403866248693923e-01 4.207547169811320931e-01
1.755159352142110774e-01 4.207547169811320931e-01
1.774751828631138950e-01 4.226415094339622813e-01
1.790425809822361602e-01 4.264150943396226578e-01
1.806099791013584255e-01 4.264150943396226578e-01
1.817202194357366851e-01 4.264150943396226578e-01
1.835488505747126520e-01 4.264150943396226578e-01
1.853774817136886188e-01 4.283018867924528461e-01
1.878591954022988397e-01 4.301886792452830344e-01
1.898184430512016851e-01 4.320754716981132226e-01
1.917776907001045028e-01 4.320754716981132226e-01
1.938022466039707459e-01 4.339622641509434109e-01
1.963492685475444199e-01 4.339622641509434109e-01
1.984391327063740884e-01 4.339622641509434109e-01
2.007902298850574585e-01 4.339622641509434109e-01
2.041536050156739779e-01 4.358490566037735992e-01
2.067659352142110774e-01 4.396226415094339757e-01
2.095088819226750276e-01 4.415094339622641639e-01
2.120559038662487017e-01 4.415094339622641639e-01
2.145376175548589226e-01 4.415094339622641639e-01
2.169540229885057459e-01 4.415094339622641639e-01
2.196316614420062707e-01 4.433962264150943522e-01
2.233542319749216298e-01 4.433962264150943522e-01
2.260971786833855801e-01 4.433962264150943522e-01
2.284482758620689780e-01 4.433962264150943522e-01
2.319749216300940331e-01 4.433962264150943522e-01
2.349137931034482873e-01 4.433962264150943522e-01
2.383751306165099171e-01 4.452830188679245405e-01
2.409874608150470165e-01 4.471698113207547287e-01
2.445141065830720994e-01 4.471698113207547287e-01
2.474529780564263259e-01 4.490566037735849170e-01
2.505224660397074032e-01 4.509433962264151052e-01
2.535919540229885083e-01 4.509433962264151052e-01
2.567920585161964642e-01 4.509433962264151052e-01
2.604493207941483979e-01 4.528301886792452935e-01
2.640412748171369062e-01 4.528301886792452935e-01
2.672087251828630938e-01 4.528301886792452935e-01
2.705394461859979005e-01 4.528301886792452935e-01
2.749150992685475692e-01 4.528301886792452935e-01
2.791601358411703315e-01 4.547169811320754818e-01
2.833398641588296685e-01 4.547169811320754818e-01
2.877155172413793371e-01 4.547169811320754818e-01
2.915033960292581217e-01 4.547169811320754818e-01
2.950300417972831490e-01 4.603773584905660465e-01
2.996016196447230939e-01 4.603773584905660465e-01
3.040425809822361325e-01 4.622641509433962348e-01
3.075692267502612154e-01 4.641509433962264231e-01
3.127938871473354143e-01 4.641509433962264231e-01
3.187369383490072927e-01 4.660377358490566113e-01
3.231125914315569614e-01 4.679245283018867996e-01
3.278800940438871270e-01 4.679245283018867996e-01
3.319945141065830940e-01 4.679245283018867996e-01
3.366967084639498342e-01 4.679245283018867996e-01
3.410723615464995029e-01 4.698113207547169878e-01
3.458398641588296685e-01 4.698113207547169878e-01
3.509992163009404420e-01 4.698113207547169878e-01
3.551789446185997789e-01 4.716981132075471761e-01
3.600117554858934255e-01 4.716981132075471761e-01
3.658894984326018784e-01 4.716981132075471761e-01
3.706570010449320995e-01 4.716981132075471761e-01
3.756857366771159668e-01 4.754716981132075526e-01
3.798654649947753592e-01 4.754716981132075526e-01
3.849595088819226518e-01 4.754716981132075526e-01
3.892045454545454697e-01 4.754716981132075526e-01
3.939720480668756353e-01 4.754716981132075526e-01
3.990007836990595580e-01 4.773584905660377409e-01
4.035723615464995029e-01 4.773584905660377409e-01
4.086010971786833701e-01 4.773584905660377409e-01
4.134339080459770166e-01 4.773584905660377409e-01
4.172217868338558011e-01 4.773584905660377409e-01
4.212708986415882872e-01 4.773584905660377409e-01
4.251893939393939226e-01 4.773584905660377409e-01
4.293038140020898896e-01 4.773584905660377409e-01
4.328304597701149170e-01 4.792452830188679291e-01
4.360305642633228729e-01 4.830188679245283057e-01
4.394265935214211050e-01 4.830188679245283057e-01
4.424307732497387846e-01 4.830188679245283057e-01
4.460227272727272929e-01 4.830188679245283057e-01
4.490269070010449171e-01 4.849056603773584939e-01
4.519657784743991713e-01 4.867924528301886822e-01
4.554924242424242542e-01 4.867924528301886822e-01
4.581047544409613259e-01 4.867924528301886822e-01
4.606517763845350277e-01 4.886792452830188704e-01
4.628722570532915470e-01 4.886792452830188704e-01
4.643743469174503868e-01 4.886792452830188704e-01
4.663335945663532045e-01 4.886792452830188704e-01
4.676397596656217126e-01 4.886792452830188704e-01
4.694030825496342541e-01 4.886792452830188704e-01
4.706439393939393923e-01 4.886792452830188704e-01
4.722113375130616575e-01 4.924528301886792470e-01
4.732562695924764640e-01 4.924528301886792470e-01
4.739746603970741989e-01 4.924528301886792470e-01
4.749542842215255800e-01 4.943396226415094352e-01
4.756726750261233150e-01 4.943396226415094352e-01
4.761951410658307182e-01 4.943396226415094352e-01
4.771094566353187294e-01 4.943396226415094352e-01
4.777625391849529835e-01 4.943396226415094352e-01
4.782850052246603867e-01 4.943396226415094352e-01
4.819422675026123204e-01 4.962264150943396235e-01
4.821381922675025966e-01 4.962264150943396235e-01
4.830525078369906078e-01 4.981132075471698117e-01
4.834443573667711602e-01 4.981132075471698117e-01
4.838362068965517127e-01 4.981132075471698117e-01
4.841627481713688397e-01 4.981132075471698117e-01
4.850117554858934255e-01 4.981132075471698117e-01
4.856648380355276795e-01 4.981132075471698117e-01
4.859260710553813811e-01 4.981132075471698117e-01
4.862526123301985637e-01 4.981132075471698117e-01
4.867097701149425415e-01 4.981132075471698117e-01
4.869056948798328177e-01 4.981132075471698117e-01
4.870363113897596685e-01 4.981132075471698117e-01
4.873628526645767955e-01 4.981132075471698117e-01
4.877547021943573480e-01 4.981132075471698117e-01
4.878853187042841988e-01 4.981132075471698117e-01
4.878853187042841988e-01 4.981132075471698117e-01
4.878853187042841988e-01 4.981132075471698117e-01
4.883424764890282321e-01 4.981132075471698117e-01
4.883424764890282321e-01 4.981132075471698117e-01
4.886690177638453592e-01 4.981132075471698117e-01
4.886690177638453592e-01 4.981132075471698117e-01
4.888649425287356354e-01 4.981132075471698117e-01
4.889955590386624862e-01 4.981132075471698117e-01
4.891261755485893370e-01 4.981132075471698117e-01
4.891261755485893370e-01 4.981132075471698117e-01
4.891261755485893370e-01 4.981132075471698117e-01
4.893221003134796132e-01 4.981132075471698117e-01
4.895180250783698894e-01 4.981132075471698117e-01
4.895180250783698894e-01 4.981132075471698117e-01
4.895180250783698894e-01 4.981132075471698117e-01
4.896486415882967402e-01 4.981132075471698117e-01
4.897792580982235910e-01 4.981132075471698117e-01
4.898445663531870164e-01 4.981132075471698117e-01
4.899751828631139228e-01 4.981132075471698117e-01
4.900404911180773482e-01 4.981132075471698117e-01
4.901057993730407736e-01 4.981132075471698117e-01
4.901057993730407736e-01 4.981132075471698117e-01
4.901711076280041990e-01 5.000000000000000000e-01
4.902364158829676244e-01 5.000000000000000000e-01
4.904323406478579006e-01 5.000000000000000000e-01
4.904976489028213260e-01 5.000000000000000000e-01
4.906282654127481768e-01 5.000000000000000000e-01
4.906935736677116022e-01 5.000000000000000000e-01
4.906935736677116022e-01 5.000000000000000000e-01
4.907588819226750276e-01 5.000000000000000000e-01
4.908241901776384530e-01 5.000000000000000000e-01
4.909548066875653038e-01 5.000000000000000000e-01
4.909548066875653038e-01 5.000000000000000000e-01
4.909548066875653038e-01 5.000000000000000000e-01
4.910201149425287293e-01 5.000000000000000000e-01
4.910201149425287293e-01 5.000000000000000000e-01
4.910201149425287293e-01 5.000000000000000000e-01
4.910201149425287293e-01 5.000000000000000000e-01
4.910201149425287293e-01 5.000000000000000000e-01
4.910854231974921547e-01 5.000000000000000000e-01
4.911507314524555801e-01 5.000000000000000000e-01
4.911507314524555801e-01 5.000000000000000000e-01
4.911507314524555801e-01 5.000000000000000000e-01
4.912160397074190055e-01 5.000000000000000000e-01
4.912160397074190055e-01 5.000000000000000000e-01
4.912160397074190055e-01 5.000000000000000000e-01
4.912160397074190055e-01 5.000000000000000000e-01
4.912160397074190055e-01 5.000000000000000000e-01
4.912813479623824309e-01 5.000000000000000000e-01
4.912813479623824309e-01 5.000000000000000000e-01
4.912813479623824309e-01 5.000000000000000000e-01
4.912813479623824309e-01 5.000000000000000000e-01
4.912813479623824309e-01 5.000000000000000000e-01
4.912813479623824309e-01 5.000000000000000000e-01
4.912813479623824309e-01 5.000000000000000000e-01
4.912813479623824309e-01 5.000000000000000000e-01
4.913466562173458563e-01 5.000000000000000000e-01
4.913466562173458563e-01 5.000000000000000000e-01
4.913466562173458563e-01 5.000000000000000000e-01
4.913466562173458563e-01 5.000000000000000000e-01
4.913466562173458563e-01 5.000000000000000000e-01
4.913466562173458563e-01 5.000000000000000000e-01
4.913466562173458563e-01 5.000000000000000000e-01
4.913466562173458563e-01 5.000000000000000000e-01
4.913466562173458563e-01 5.000000000000000000e-01
4.913466562173458563e-01 5.000000000000000000e-01
4.913466562173458563e-01 5.000000000000000000e-01
4.913466562173458563e-01 5.000000000000000000e-01
4.914119644723092817e-01 5.000000000000000000e-01
4.914119644723092817e-01 5.000000000000000000e-01
4.914119644723092817e-01 5.000000000000000000e-01
4.914119644723092817e-01 5.000000000000000000e-01
4.914119644723092817e-01 5.000000000000000000e-01
4.914772727272727071e-01 5.000000000000000000e-01
4.914772727272727071e-01 5.000000000000000000e-01
4.914772727272727071e-01 5.000000000000000000e-01
4.914772727272727071e-01 5.000000000000000000e-01
4.914772727272727071e-01 5.000000000000000000e-01
4.914772727272727071e-01 5.000000000000000000e-01
4.914772727272727071e-01 5.000000000000000000e-01
4.914772727272727071e-01 5.000000000000000000e-01
4.914772727272727071e-01 5.000000000000000000e-01
4.914772727272727071e-01 5.000000000000000000e-01
4.914772727272727071e-01 5.000000000000000000e-01
4.915425809822361325e-01 5.000000000000000000e-01
4.915425809822361325e-01 5.000000000000000000e-01
4.915425809822361325e-01 5.000000000000000000e-01
4.915425809822361325e-01 5.000000000000000000e-01
4.915425809822361325e-01 5.000000000000000000e-01
4.915425809822361325e-01 5.000000000000000000e-01
4.915425809822361325e-01 5.000000000000000000e-01
4.915425809822361325e-01 5.000000000000000000e-01
4.915425809822361325e-01 5.000000000000000000e-01
4.916078892371995579e-01 5.000000000000000000e-01
4.916078892371995579e-01 5.000000000000000000e-01
4.916078892371995579e-01 5.000000000000000000e-01
4.916078892371995579e-01 5.000000000000000000e-01
4.916078892371995579e-01 5.000000000000000000e-01
4.916078892371995579e-01 5.000000000000000000e-01
4.916078892371995579e-01 5.000000000000000000e-01
4.916078892371995579e-01 5.000000000000000000e-01
4.916078892371995579e-01 5.000000000000000000e-01
4.916078892371995579e-01 5.000000000000000000e-01
4.916078892371995579e-01 5.000000000000000000e-01
4.916078892371995579e-01 5.000000000000000000e-01
4.916078892371995579e-01 5.000000000000000000e-01
4.916078892371995579e-01 5.000000000000000000e-01
4.916078892371995579e-01 5.000000000000000000e-01
4.916078892371995579e-01 5.000000000000000000e-01
4.917385057471264642e-01 5.000000000000000000e-01
4.917385057471264642e-01 5.000000000000000000e-01
4.917385057471264642e-01 5.000000000000000000e-01
4.917385057471264642e-01 5.000000000000000000e-01
4.917385057471264642e-01 5.000000000000000000e-01
4.917385057471264642e-01 5.000000000000000000e-01
4.917385057471264642e-01 5.000000000000000000e-01
4.917385057471264642e-01 5.000000000000000000e-01
4.917385057471264642e-01 5.000000000000000000e-01
4.917385057471264642e-01 5.000000000000000000e-01
4.917385057471264642e-01 5.000000000000000000e-01
4.917385057471264642e-01 5.000000000000000000e-01
4.917385057471264642e-01 5.000000000000000000e-01
4.917385057471264642e-01 5.000000000000000000e-01
4.917385057471264642e-01 5.000000000000000000e-01
4.917385057471264642e-01 5.000000000000000000e-01
4.917385057471264642e-01 5.000000000000000000e-01
4.917385057471264642e-01 5.000000000000000000e-01
4.917385057471264642e-01 5.000000000000000000e-01
4.917385057471264642e-01 5.000000000000000000e-01
4.917385057471264642e-01 5.000000000000000000e-01
4.917385057471264642e-01 5.000000000000000000e-01
4.917385057471264642e-01 5.000000000000000000e-01
4.917385057471264642e-01 5.000000000000000000e-01
4.917385057471264642e-01 5.000000000000000000e-01
4.917385057471264642e-01 5.000000000000000000e-01
4.917385057471264642e-01 5.000000000000000000e-01
4.917385057471264642e-01 5.000000000000000000e-01
4.917385057471264642e-01 5.000000000000000000e-01
4.917385057471264642e-01 5.000000000000000000e-01
4.917385057471264642e-01 5.000000000000000000e-01
4.917385057471264642e-01 5.000000000000000000e-01
4.917385057471264642e-01 5.000000000000000000e-01
4.917385057471264642e-01 5.000000000000000000e-01
4.917385057471264642e-01 5.000000000000000000e-01
4.917385057471264642e-01 5.000000000000000000e-01
4.917385057471264642e-01 5.000000000000000000e-01
4.917385057471264642e-01 5.000000000000000000e-01
4.917385057471264642e-01 5.000000000000000000e-01
4.917385057471264642e-01 5.000000000000000000e-01
4.917385057471264642e-01 5.000000000000000000e-01
4.917385057471264642e-01 5.000000000000000000e-01
4.917385057471264642e-01 5.000000000000000000e-01
4.917385057471264642e-01 5.000000000000000000e-01
4.917385057471264642e-01 5.000000000000000000e-01
4.917385057471264642e-01 5.000000000000000000e-01
4.917385057471264642e-01 5.000000000000000000e-01
4.917385057471264642e-01 5.000000000000000000e-01
4.917385057471264642e-01 5.000000000000000000e-01
4.917385057471264642e-01 5.000000000000000000e-01
4.917385057471264642e-01 5.000000000000000000e-01
4.917385057471264642e-01 5.000000000000000000e-01
4.917385057471264642e-01 5.000000000000000000e-01
4.917385057471264642e-01 5.000000000000000000e-01
4.917385057471264642e-01 5.000000000000000000e-01
4.917385057471264642e-01 5.000000000000000000e-01
4.917385057471264642e-01 5.000000000000000000e-01
4.917385057471264642e-01 5.000000000000000000e-01
4.917385057471264642e-01 5.000000000000000000e-01
4.917385057471264642e-01 5.000000000000000000e-01
4.918038140020898896e-01 5.000000000000000000e-01
4.918691222570533150e-01 5.000000000000000000e-01
4.918691222570533150e-01 5.000000000000000000e-01
4.918691222570533150e-01 5.000000000000000000e-01
4.918691222570533150e-01 5.000000000000000000e-01
4.918691222570533150e-01 5.000000000000000000e-01
4.918691222570533150e-01 5.000000000000000000e-01
4.918691222570533150e-01 5.000000000000000000e-01
4.918691222570533150e-01 5.000000000000000000e-01
4.918691222570533150e-01 5.000000000000000000e-01
4.918691222570533150e-01 5.000000000000000000e-01
4.918691222570533150e-01 5.000000000000000000e-01
4.918691222570533150e-01 5.000000000000000000e-01
4.918691222570533150e-01 5.000000000000000000e-01
4.918691222570533150e-01 5.000000000000000000e-01
4.919344305120167404e-01 5.000000000000000000e-01
4.919344305120167404e-01 5.000000000000000000e-01
4.919344305120167404e-01 5.000000000000000000e-01
4.919344305120167404e-01 5.000000000000000000e-01
4.919344305120167404e-01 5.000000000000000000e-01
4.919344305120167404e-01 5.000000000000000000e-01
4.919344305120167404e-01 5.000000000000000000e-01
4.919344305120167404e-01 5.000000000000000000e-01
4.919344305120167404e-01 5.000000000000000000e-01
4.919344305120167404e-01 5.000000000000000000e-01
4.919344305120167404e-01 5.000000000000000000e-01
4.919344305120167404e-01 5.000000000000000000e-01
4.919344305120167404e-01 5.000000000000000000e-01
4.919344305120167404e-01 5.000000000000000000e-01
4.919344305120167404e-01 5.000000000000000000e-01
4.919344305120167404e-01 5.000000000000000000e-01
4.919344305120167404e-01 5.000000000000000000e-01
4.919344305120167404e-01 5.000000000000000000e-01
4.919344305120167404e-01 5.000000000000000000e-01
4.919344305120167404e-01 5.000000000000000000e-01
4.919344305120167404e-01 5.000000000000000000e-01
4.919344305120167404e-01 5.000000000000000000e-01
4.919344305120167404e-01 5.000000000000000000e-01
4.919344305120167404e-01 5.000000000000000000e-01
4.919344305120167404e-01 5.000000000000000000e-01
4.919344305120167404e-01 5.000000000000000000e-01
4.919344305120167404e-01 5.000000000000000000e-01
4.919344305120167404e-01 5.000000000000000000e-01
4.919344305120167404e-01 5.000000000000000000e-01
4.919344305120167404e-01 5.000000000000000000e-01
4.919344305120167404e-01 5.000000000000000000e-01
4.919344305120167404e-01 5.000000000000000000e-01
4.919344305120167404e-01 5.000000000000000000e-01
4.919344305120167404e-01 5.000000000000000000e-01
4.919344305120167404e-01 5.000000000000000000e-01
4.919344305120167404e-01 5.000000000000000000e-01
4.919344305120167404e-01 5.000000000000000000e-01
4.919344305120167404e-01 5.000000000000000000e-01
4.919344305120167404e-01 5.000000000000000000e-01
4.919344305120167404e-01 5.000000000000000000e-01
4.919344305120167404e-01 5.000000000000000000e-01
4.919344305120167404e-01 5.000000000000000000e-01
4.919344305120167404e-01 5.000000000000000000e-01
4.919344305120167404e-01 5.000000000000000000e-01
4.919344305120167404e-01 5.000000000000000000e-01
4.919344305120167404e-01 5.000000000000000000e-01
4.919344305120167404e-01 5.000000000000000000e-01
4.919344305120167404e-01 5.000000000000000000e-01
4.919344305120167404e-01 5.000000000000000000e-01
4.919344305120167404e-01 5.000000000000000000e-01
4.919344305120167404e-01 5.000000000000000000e-01
4.919344305120167404e-01 5.000000000000000000e-01
4.919344305120167404e-01 5.000000000000000000e-01
4.919344305120167404e-01 5.000000000000000000e-01
4.919344305120167404e-01 5.000000000000000000e-01
4.919344305120167404e-01 5.000000000000000000e-01
4.919344305120167404e-01 5.000000000000000000e-01
4.919344305120167404e-01 5.000000000000000000e-01
4.919344305120167404e-01 5.000000000000000000e-01
4.919344305120167404e-01 5.000000000000000000e-01
4.919344305120167404e-01 5.000000000000000000e-01
4.919344305120167404e-01 5.000000000000000000e-01
4.919344305120167404e-01 5.000000000000000000e-01
4.919344305120167404e-01 5.000000000000000000e-01
4.919344305120167404e-01 5.000000000000000000e-01
4.919344305120167404e-01 5.000000000000000000e-01
4.919344305120167404e-01 5.000000000000000000e-01
4.919344305120167404e-01 5.000000000000000000e-01
4.919344305120167404e-01 5.000000000000000000e-01
4.919344305120167404e-01 5.000000000000000000e-01
4.919344305120167404e-01 5.000000000000000000e-01
4.919344305120167404e-01 5.000000000000000000e-01
4.919344305120167404e-01 5.000000000000000000e-01
4.919344305120167404e-01 5.000000000000000000e-01
4.919344305120167404e-01 5.000000000000000000e-01
4.919344305120167404e-01 5.000000000000000000e-01
4.919344305120167404e-01 5.000000000000000000e-01
4.919344305120167404e-01 5.000000000000000000e-01
4.919344305120167404e-01 5.000000000000000000e-01
4.919344305120167404e-01 5.000000000000000000e-01
4.919344305120167404e-01 5.000000000000000000e-01
4.919344305120167404e-01 5.000000000000000000e-01
4.919344305120167404e-01 5.000000000000000000e-01
4.919344305120167404e-01 5.000000000000000000e-01
4.919344305120167404e-01 5.000000000000000000e-01
4.919344305120167404e-01 5.000000000000000000e-01
4.919344305120167404e-01 5.000000000000000000e-01
4.919344305120167404e-01 5.000000000000000000e-01
4.919344305120167404e-01 5.000000000000000000e-01
4.919344305120167404e-01 5.000000000000000000e-01
4.919344305120167404e-01 5.000000000000000000e-01
4.919344305120167404e-01 5.000000000000000000e-01
4.919344305120167404e-01 5.000000000000000000e-01
4.919344305120167404e-01 5.000000000000000000e-01
4.919344305120167404e-01 5.000000000000000000e-01
4.919344305120167404e-01 5.000000000000000000e-01
4.919344305120167404e-01 5.000000000000000000e-01
4.919344305120167404e-01 5.000000000000000000e-01
4.919344305120167404e-01 5.000000000000000000e-01
4.919344305120167404e-01 5.000000000000000000e-01
4.919344305120167404e-01 5.000000000000000000e-01
4.919344305120167404e-01 5.000000000000000000e-01
4.919344305120167404e-01 5.000000000000000000e-01
4.919344305120167404e-01 5.000000000000000000e-01
4.919344305120167404e-01 5.000000000000000000e-01
4.919344305120167404e-01 5.000000000000000000e-01
4.919344305120167404e-01 5.000000000000000000e-01
4.919344305120167404e-01 5.000000000000000000e-01
4.919344305120167404e-01 5.000000000000000000e-01
4.919344305120167404e-01 5.000000000000000000e-01
4.919344305120167404e-01 5.000000000000000000e-01
4.919344305120167404e-01 5.000000000000000000e-01
4.919344305120167404e-01 5.000000000000000000e-01
4.919344305120167404e-01 5.000000000000000000e-01
4.919344305120167404e-01 5.000000000000000000e-01
4.919344305120167404e-01 5.000000000000000000e-01
4.919344305120167404e-01 5.000000000000000000e-01
4.919344305120167404e-01 5.000000000000000000e-01
4.919344305120167404e-01 5.000000000000000000e-01
4.919344305120167404e-01 5.000000000000000000e-01
4.919344305120167404e-01 5.000000000000000000e-01
4.919344305120167404e-01 5.000000000000000000e-01
4.919344305120167404e-01 5.000000000000000000e-01
4.919344305120167404e-01 5.000000000000000000e-01
4.919344305120167404e-01 5.000000000000000000e-01
4.919344305120167404e-01 5.000000000000000000e-01
4.919344305120167404e-01 5.000000000000000000e-01
4.919344305120167404e-01 5.000000000000000000e-01
4.919344305120167404e-01 5.000000000000000000e-01
4.919344305120167404e-01 5.000000000000000000e-01
4.919344305120167404e-01 5.000000000000000000e-01
4.919344305120167404e-01 5.000000000000000000e-01
4.919344305120167404e-01 5.000000000000000000e-01
4.919344305120167404e-01 5.000000000000000000e-01
4.919344305120167404e-01 5.000000000000000000e-01
4.919344305120167404e-01 5.000000000000000000e-01
4.919344305120167404e-01 5.000000000000000000e-01
4.919344305120167404e-01 5.000000000000000000e-01
4.919344305120167404e-01 5.000000000000000000e-01
4.919344305120167404e-01 5.000000000000000000e-01
4.919344305120167404e-01 5.000000000000000000e-01
4.919344305120167404e-01 5.000000000000000000e-01
4.919344305120167404e-01 5.000000000000000000e-01
4.919344305120167404e-01 5.000000000000000000e-01
4.919344305120167404e-01 5.000000000000000000e-01
4.919344305120167404e-01 5.000000000000000000e-01
4.919344305120167404e-01 5.000000000000000000e-01
4.919344305120167404e-01 5.000000000000000000e-01
4.919344305120167404e-01 5.000000000000000000e-01
4.919344305120167404e-01 5.000000000000000000e-01
4.919344305120167404e-01 5.000000000000000000e-01
4.919344305120167404e-01 5.000000000000000000e-01
4.919344305120167404e-01 5.000000000000000000e-01
4.919344305120167404e-01 5.000000000000000000e-01
4.919344305120167404e-01 5.000000000000000000e-01
4.919344305120167404e-01 5.000000000000000000e-01
4.919344305120167404e-01 5.000000000000000000e-01
4.919344305120167404e-01 5.000000000000000000e-01
4.919344305120167404e-01 5.000000000000000000e-01
4.919344305120167404e-01 5.000000000000000000e-01
4.919344305120167404e-01 5.000000000000000000e-01
4.919344305120167404e-01 5.000000000000000000e-01
4.919344305120167404e-01 5.000000000000000000e-01
4.919344305120167404e-01 5.000000000000000000e-01
4.919344305120167404e-01 5.000000000000000000e-01
4.919344305120167404e-01 5.000000000000000000e-01
4.919344305120167404e-01 5.000000000000000000e-01
4.919344305120167404e-01 5.000000000000000000e-01
4.919344305120167404e-01 5.000000000000000000e-01
4.919344305120167404e-01 5.000000000000000000e-01
4.919344305120167404e-01 5.000000000000000000e-01
4.919344305120167404e-01 5.000000000000000000e-01
4.919344305120167404e-01 5.000000000000000000e-01
4.919344305120167404e-01 5.000000000000000000e-01
4.919344305120167404e-01 5.000000000000000000e-01
4.919344305120167404e-01 5.000000000000000000e-01
4.919344305120167404e-01 5.000000000000000000e-01
4.919344305120167404e-01 5.000000000000000000e-01
4.919344305120167404e-01 5.000000000000000000e-01
4.919344305120167404e-01 5.000000000000000000e-01
4.919344305120167404e-01 5.000000000000000000e-01
4.919344305120167404e-01 5.000000000000000000e-01
4.919344305120167404e-01 5.000000000000000000e-01
4.919344305120167404e-01 5.000000000000000000e-01
4.919344305120167404e-01 5.000000000000000000e-01
4.919344305120167404e-01 5.000000000000000000e-01
4.919344305120167404e-01 5.000000000000000000e-01
4.919344305120167404e-01 5.000000000000000000e-01
4.919344305120167404e-01 5.000000000000000000e-01
4.919344305120167404e-01 5.000000000000000000e-01
4.919344305120167404e-01 5.000000000000000000e-01
4.919344305120167404e-01 5.000000000000000000e-01
4.919344305120167404e-01 5.000000000000000000e-01
4.919344305120167404e-01 5.000000000000000000e-01
4.919344305120167404e-01 5.000000000000000000e-01
4.919344305120167404e-01 5.000000000000000000e-01
4.919344305120167404e-01 5.000000000000000000e-01
4.919344305120167404e-01 5.000000000000000000e-01
4.919344305120167404e-01 5.000000000000000000e-01
4.919344305120167404e-01 5.000000000000000000e-01
4.919344305120167404e-01 5.000000000000000000e-01
4.919344305120167404e-01 5.000000000000000000e-01
4.919344305120167404e-01 5.000000000000000000e-01
4.919344305120167404e-01 5.000000000000000000e-01
4.919344305120167404e-01 5.000000000000000000e-01
4.919344305120167404e-01 5.000000000000000000e-01
4.919344305120167404e-01 5.000000000000000000e-01
4.919344305120167404e-01 5.000000000000000000e-01
4.919344305120167404e-01 5.000000000000000000e-01
4.919344305120167404e-01 5.000000000000000000e-01
4.919344305120167404e-01 5.000000000000000000e-01
4.919344305120167404e-01 5.000000000000000000e-01
4.919344305120167404e-01 5.000000000000000000e-01
4.919344305120167404e-01 5.000000000000000000e-01
4.919344305120167404e-01 5.000000000000000000e-01
4.919344305120167404e-01 5.000000000000000000e-01
4.919344305120167404e-01 5.000000000000000000e-01
4.919344305120167404e-01 5.000000000000000000e-01
4.919344305120167404e-01 5.000000000000000000e-01
4.919344305120167404e-01 5.000000000000000000e-01
4.919344305120167404e-01 5.000000000000000000e-01
4.919344305120167404e-01 5.000000000000000000e-01
4.919344305120167404e-01 5.000000000000000000e-01
4.919344305120167404e-01 5.000000000000000000e-01
4.919344305120167404e-01 5.000000000000000000e-01
4.919344305120167404e-01 5.000000000000000000e-01
4.919344305120167404e-01 5.000000000000000000e-01
4.919344305120167404e-01 5.000000000000000000e-01
4.919344305120167404e-01 5.000000000000000000e-01
4.919344305120167404e-01 5.000000000000000000e-01
4.919344305120167404e-01 5.000000000000000000e-01
4.919344305120167404e-01 5.000000000000000000e-01
4.919344305120167404e-01 5.000000000000000000e-01
4.919344305120167404e-01 5.000000000000000000e-01
4.919344305120167404e-01 5.000000000000000000e-01
4.919344305120167404e-01 5.000000000000000000e-01
4.919344305120167404e-01 5.000000000000000000e-01
4.919344305120167404e-01 5.000000000000000000e-01
4.919344305120167404e-01 5.000000000000000000e-01
4.919344305120167404e-01 5.000000000000000000e-01
4.919344305120167404e-01 5.000000000000000000e-01
4.919344305120167404e-01 5.000000000000000000e-01
4.919344305120167404e-01 5.000000000000000000e-01
4.919344305120167404e-01 5.000000000000000000e-01
4.919344305120167404e-01 5.000000000000000000e-01
4.919344305120167404e-01 5.000000000000000000e-01
4.919344305120167404e-01 5.000000000000000000e-01
4.919344305120167404e-01 5.000000000000000000e-01
4.919344305120167404e-01 5.000000000000000000e-01
4.919344305120167404e-01 5.000000000000000000e-01
4.919344305120167404e-01 5.000000000000000000e-01
4.919344305120167404e-01 5.000000000000000000e-01
4.919344305120167404e-01 5.000000000000000000e-01
4.919344305120167404e-01 5.000000000000000000e-01
4.919344305120167404e-01 5.000000000000000000e-01
4.919344305120167404e-01 5.000000000000000000e-01
4.919344305120167404e-01 5.000000000000000000e-01
4.919344305120167404e-01 5.000000000000000000e-01
4.919344305120167404e-01 5.000000000000000000e-01
4.919344305120167404e-01 5.000000000000000000e-01
4.919344305120167404e-01 5.000000000000000000e-01
4.919344305120167404e-01 5.000000000000000000e-01
4.919344305120167404e-01 5.000000000000000000e-01
4.919344305120167404e-01 5.000000000000000000e-01
4.919344305120167404e-01 5.000000000000000000e-01
4.919344305120167404e-01 5.000000000000000000e-01
4.919344305120167404e-01 5.000000000000000000e-01
4.919344305120167404e-01 5.000000000000000000e-01
4.919344305120167404e-01 5.000000000000000000e-01
4.919344305120167404e-01 5.000000000000000000e-01
4.919344305120167404e-01 5.000000000000000000e-01
4.919344305120167404e-01 5.000000000000000000e-01
4.919344305120167404e-01 5.000000000000000000e-01
4.919344305120167404e-01 5.000000000000000000e-01
4.919344305120167404e-01 5.000000000000000000e-01
4.919344305120167404e-01 5.000000000000000000e-01
4.919344305120167404e-01 5.000000000000000000e-01
4.919344305120167404e-01 5.000000000000000000e-01
4.919344305120167404e-01 5.000000000000000000e-01
4.919344305120167404e-01 5.000000000000000000e-01
4.919344305120167404e-01 5.000000000000000000e-01
4.919344305120167404e-01 5.000000000000000000e-01
4.919344305120167404e-01 5.000000000000000000e-01
4.919344305120167404e-01 5.000000000000000000e-01
4.919344305120167404e-01 5.000000000000000000e-01
4.919344305120167404e-01 5.000000000000000000e-01
4.919344305120167404e-01 5.000000000000000000e-01
4.919344305120167404e-01 5.000000000000000000e-01
4.919344305120167404e-01 5.000000000000000000e-01
4.919344305120167404e-01 5.000000000000000000e-01
4.919344305120167404e-01 5.000000000000000000e-01
4.919344305120167404e-01 5.000000000000000000e-01
4.919344305120167404e-01 5.000000000000000000e-01
4.919344305120167404e-01 5.000000000000000000e-01
4.919344305120167404e-01 5.000000000000000000e-01
4.919344305120167404e-01 5.000000000000000000e-01
4.919344305120167404e-01 5.000000000000000000e-01
4.919344305120167404e-01 5.000000000000000000e-01
4.919344305120167404e-01 5.000000000000000000e-01
4.919344305120167404e-01 5.000000000000000000e-01
