2.829563628055745683e-01 4.749005203550658027e-01 4.788712422007940783e-01 4.624610591900311651e-01 4.753103837471783222e-01 4.446190102120974319e-01 4.862932061978545994e-01 4.786528772208963334e-01 4.649000464900046592e-01 4.908694467157263541e-01
4.824766355140187035e-01 2.762791991101223310e-01 4.700390189520624040e-01 4.568288854003139665e-01 4.633359153111283324e-01 4.729166666666666519e-01 4.592398099524881427e-01 4.801492139621635902e-01 4.811616954474097207e-01 4.699279379157427772e-01
4.851110568708811299e-01 4.613615455381784858e-01 2.748893805309734484e-01 4.755222949797318632e-01 4.559072922555115759e-01 4.710697149308495368e-01 4.740339650504553082e-01 4.719914232109354013e-01 4.961888369805753651e-01 4.822743386964821188e-01
4.819607843137254655e-01 4.776474899230487292e-01 4.693778353856124519e-01 2.492517459261722745e-01 4.737279680744928556e-01 4.681274900398406102e-01 4.815371991247264782e-01 4.588851247305204550e-01 4.615586460246654532e-01 4.635823694904657732e-01
4.746171298922291504e-01 4.517309316070926006e-01 4.813353566009104800e-01 4.672548354258568293e-01 2.540518638573743826e-01 4.591982820329277293e-01 4.716062736614385908e-01 4.808306709265175449e-01 4.795480549199084841e-01 4.550663449939686411e-01
4.815891472868217282e-01 4.666793602437167010e-01 4.401517764746464279e-01 4.331164135936370063e-01 4.696748264523200600e-01 4.609772650152697548e-01 4.621987454605480106e-01 4.434885290148448123e-01 4.773095623987034242e-01 4.681706890521161180e-01
4.793233082706767068e-01 4.626556016597510590e-01 4.845047039291643376e-01 4.565896314803247757e-01 4.654330506296581738e-01 4.853859250851305096e-01 3.112037871956717661e-01 4.668994052236876136e-01 4.592995740653099679e-01 4.621007038440714809e-01
4.803896436811074255e-01 4.697406340057637131e-01 4.647091259994485801e-01 4.515473585495467512e-01 4.486118526428189979e-01 4.742821079204796453e-01 4.848561975057266715e-01 2.686958803463657675e-01 4.681890179514255346e-01 4.649551752241238844e-01
4.563128003494976159e-01 4.738605898123324223e-01 4.468779123951537868e-01 4.490122797650827335e-01 4.561247216035634877e-01 4.985285462036492254e-01 4.499781564001747447e-01 4.545250896057347889e-01 4.512522361359570522e-01 4.494408201304753159e-01
4.721467391304347561e-01 4.702222222222222081e-01 4.544534412955465452e-01 4.783399470899470929e-01 4.846322722283205042e-01 4.692179700499168327e-01 4.486356340288924494e-01 4.651162790697674354e-01 4.638455217748562176e-01 3.532917139614075164e-01
