0.000000000000000000e+00 1.000000000000000000e+00 0.000000000000000000e+00 1.000000000000000000e+00 0.000000000000000000e+00 1.000000000000000000e+00 4.656569965870306915e-01 1.000000000000000000e+00 4.102244389027431271e-01 1.000000000000000000e+00 4.678935003915427049e-01 1.000000000000000000e+00 4.679214015151514916e-01 1.000000000000000000e+00 4.701039861351819504e-01 1.000000000000000000e+00 4.769208715596330306e-01 1.000000000000000000e+00
1.000000000000000000e+00 0.000000000000000000e+00 1.000000000000000000e+00 0.000000000000000000e+00 1.000000000000000000e+00 0.000000000000000000e+00 1.000000000000000000e+00 4.326484018264840081e-01 1.000000000000000000e+00 2.727272727272727071e-01 1.000000000000000000e+00 4.539544962080173107e-01 1.000000000000000000e+00 4.755086661642803358e-01 1.000000000000000000e+00 4.543831168831168887e-01 1.000000000000000000e+00 4.767940717628705305e-01
0.000000000000000000e+00 1.000000000000000000e+00 0.000000000000000000e+00 1.000000000000000000e+00 0.000000000000000000e+00 1.000000000000000000e+00 4.630738522954092051e-01 1.000000000000000000e+00 4.254278728606357141e-01 1.000000000000000000e+00 4.724076546506453256e-01 1.000000000000000000e+00 4.873437500000000200e-01 1.000000000000000000e+00 4.908272758740048203e-01 1.000000000000000000e+00 4.644837144837145049e-01 1.000000000000000000e+00
1.000000000000000000e+00 0.000000000000000000e+00 1.000000000000000000e+00 0.000000000000000000e+00 1.000000000000000000e+00 0.000000000000000000e+00 1.000000000000000000e+00 4.285714285714285476e-01 1.000000000000000000e+00 2.941176470588235392e-01 1.000000000000000000e+00 4.058641975308642236e-01 1.000000000000000000e+00 4.491758241758241899e-01 1.000000000000000000e+00 4.743326488706365307e-01 1.000000000000000000e+00 4.358490566037735992e-01
0.000000000000000000e+00 1.000000000000000000e+00 0.000000000000000000e+00 1.000000000000000000e+00 0.000000000000000000e+00 1.000000000000000000e+00 4.669234254644313298e-01 1.000000000000000000e+00 4.097938144329896781e-01 1.000000000000000000e+00 4.683728672492717404e-01 1.000000000000000000e+00 4.812121212121212022e-01 1.000000000000000000e+00 4.717423133235724708e-01 1.000000000000000000e+00 4.736311239193083389e-01 1.000000000000000000e+00
1.000000000000000000e+00 0.000000000000000000e+00 1.000000000000000000e+00 0.000000000000000000e+00 1.000000000000000000e+00 0.000000000000000000e+00 1.000000000000000000e+00 4.269051321928460374e-01 1.000000000000000000e+00 2.560975609756097615e-01 1.000000000000000000e+00 4.171732522796352538e-01 1.000000000000000000e+00 4.689532820816085246e-01 1.000000000000000000e+00 4.371713985278654069e-01 1.000000000000000000e+00 4.589506172839505904e-01
4.656569965870306915e-01 1.000000000000000000e+00 4.630738522954092051e-01 1.000000000000000000e+00 4.669234254644313298e-01 1.000000000000000000e+00 0.000000000000000000e+00 1.000000000000000000e+00 0.000000000000000000e+00 1.000000000000000000e+00 0.000000000000000000e+00 1.000000000000000000e+00 4.863821138211382178e-01 1.000000000000000000e+00 4.793001478560867668e-01 1.000000000000000000e+00 4.853339350180505551e-01 1.000000000000000000e+00
1.000000000000000000e+00 4.326484018264840081e-01 1.000000000000000000e+00 4.285714285714285476e-01 1.000000000000000000e+00 4.269051321928460374e-01 1.000000000000000000e+00 0.000000000000000000e+00 1.000000000000000000e+00 0.000000000000000000e+00 1.000000000000000000e+00 0.000000000000000000e+00 1.000000000000000000e+00 4.247512437810945229e-01 1.000000000000000000e+00 4.568047337278106634e-01 1.000000000000000000e+00 4.496124031007752153e-01
4.102244389027431271e-01 1.000000000000000000e+00 4.254278728606357141e-01 1.000000000000000000e+00 4.097938144329896781e-01 1.000000000000000000e+00 0.000000000000000000e+00 1.000000000000000000e+00 0.000000000000000000e+00 1.000000000000000000e+00 0.000000000000000000e+00 1.000000000000000000e+00 4.595959595959596133e-01 1.000000000000000000e+00 3.951807228915662495e-01 1.000000000000000000e+00 4.798578199052132565e-01 1.000000000000000000e+00
1.000000000000000000e+00 2.727272727272727071e-01 1.000000000000000000e+00 2.941176470588235392e-01 1.000000000000000000e+00 2.560975609756097615e-01 1.000000000000000000e+00 0.000000000000000000e+00 1.000000000000000000e+00 0.000000000000000000e+00 1.000000000000000000e+00 0.000000000000000000e+00 1.000000000000000000e+00 3.552631578947368363e-01 1.000000000000000000e+00 3.863636363636363535e-01 1.000000000000000000e+00 3.181818181818181768e-01
4.678935003915427049e-01 1.000000000000000000e+00 4.724076546506453256e-01 1.000000000000000000e+00 4.683728672492717404e-01 1.000000000000000000e+00 0.000000000000000000e+00 1.000000000000000000e+00 0.000000000000000000e+00 1.000000000000000000e+00 0.000000000000000000e+00 1.000000000000000000e+00 4.746835443037974445e-01 1.000000000000000000e+00 4.644646924829157197e-01 1.000000000000000000e+00 4.997782705099778067e-01 1.000000000000000000e+00
1.000000000000000000e+00 4.539544962080173107e-01 1.000000000000000000e+00 4.058641975308642236e-01 1.000000000000000000e+00 4.171732522796352538e-01 1.000000000000000000e+00 0.000000000000000000e+00 1.000000000000000000e+00 0.000000000000000000e+00 1.000000000000000000e+00 0.000000000000000000e+00 1.000000000000000000e+00 4.365452408930669548e-01 1.000000000000000000e+00 4.664502164502164483e-01 1.000000000000000000e+00 4.372881355932203284e-01
4.679214015151514916e-01 1.000000000000000000e+00 4.873437500000000200e-01 1.000000000000000000e+00 4.812121212121212022e-01 1.000000000000000000e+00 4.863821138211382178e-01 1.000000000000000000e+00 4.595959595959596133e-01 1.000000000000000000e+00 4.746835443037974445e-01 1.000000000000000000e+00 0.000000000000000000e+00 1.000000000000000000e+00 0.000000000000000000e+00 1.000000000000000000e+00 0.000000000000000000e+00 1.000000000000000000e+00
1.000000000000000000e+00 4.755086661642803358e-01 1.000000000000000000e+00 4.491758241758241899e-01 1.000000000000000000e+00 4.689532820816085246e-01 1.000000000000000000e+00 4.247512437810945229e-01 1.000000000000000000e+00 3.552631578947368363e-01 1.000000000000000000e+00 4.365452408930669548e-01 1.000000000000000000e+00 0.000000000000000000e+00 1.000000000000000000e+00 0.000000000000000000e+00 1.000000000000000000e+00 0.000000000000000000e+00
4.701039861351819504e-01 1.000000000000000000e+00 4.908272758740048203e-01 1.000000000000000000e+00 4.717423133235724708e-01 1.000000000000000000e+00 4.793001478560867668e-01 1.000000000000000000e+00 3.951807228915662495e-01 1.000000000000000000e+00 4.644646924829157197e-01 1.000000000000000000e+00 0.000000000000000000e+00 1.000000000000000000e+00 0.000000000000000000e+00 1.000000000000000000e+00 0.000000000000000000e+00 1.000000000000000000e+00
1.000000000000000000e+00 4.543831168831168887e-01 1.000000000000000000e+00 4.743326488706365307e-01 1.000000000000000000e+00 4.371713985278654069e-01 1.000000000000000000e+00 4.568047337278106634e-01 1.000000000000000000e+00 3.863636363636363535e-01 1.000000000000000000e+00 4.664502164502164483e-01 1.000000000000000000e+00 0.000000000000000000e+00 1.000000000000000000e+00 0.000000000000000000e+00 1.000000000000000000e+00 0.000000000000000000e+00
4.769208715596330306e-01 1.000000000000000000e+00 4.644837144837145049e-01 1.000000000000000000e+00 4.736311239193083389e-01 1.000000000000000000e+00 4.853339350180505551e-01 1.000000000000000000e+00 4.798578199052132565e-01 1.000000000000000000e+00 4.997782705099778067e-01 1.000000000000000000e+00 0.000000000000000000e+00 1.000000000000000000e+00 0.000000000000000000e+00 1.000000000000000000e+00 0.000000000000000000e+00 1.000000000000000000e+00
1.000000000000000000e+00 4.767940717628705305e-01 1.000000000000000000e+00 4.358490566037735992e-01 1.000000000000000000e+00 4.589506172839505904e-01 1.000000000000000000e+00 4.496124031007752153e-01 1.000000000000000000e+00 3.181818181818181768e-01 1.000000000000000000e+00 4.372881355932203284e-01 1.000000000000000000e+00 0.000000000000000000e+00 1.000000000000000000e+00 0.000000000000000000e+00 1.000000000000000000e+00 0.000000000000000000e+00
